sliceCount=10
offsetX=122.9
offsetY=13.04
sliceWidth=1386
pixelsPerSlice=105.6
sliceGap=2
flipX=False
flipY=False
flipZ=True
s0_ULx=-0.2453102
s0_ULy=-0.01799242
s0_URx=0.08658008
s0_URy=-0.01893939
s0_LLx=-0.08658008
s0_LLy=-0.0009469702
s0_LRx=-0.05772006
s0_LRy=-0.0009469697
s0_Mx=0
s0_My=-0.01420455
s0_Sx=0.01443001
s0_Sy=-4.656613E-10
s0_Bx=0.001893939
s0_By=-1.862645E-09
s1_ULx=-0.2453102
s1_ULy=-0.01799242
s1_URx=0.08658008
s1_URy=-0.01893939
s1_LLx=-0.08658008
s1_LLy=-0.0009469702
s1_LRx=-0.05772006
s1_LRy=-0.0009469697
s1_Mx=0
s1_My=-0.01325758
s1_Sx=0.01443001
s1_Sy=-4.656613E-10
s1_Bx=0.001893939
s1_By=-1.862645E-09
s2_ULx=-0.2453102
s2_ULy=-0.01988636
s2_URx=0.08658008
s2_URy=-0.02083333
s2_LLx=-0.08658008
s2_LLy=-0.00284091
s2_LRx=-0.05772006
s2_LRy=-0.002840909
s2_Mx=0
s2_My=-0.01515152
s2_Sx=0.01443001
s2_Sy=-4.656613E-10
s2_Bx=0.001893939
s2_By=-1.862645E-09
s3_ULx=-0.2453102
s3_ULy=-0.01893939
s3_URx=0.08658008
s3_URy=-0.01893939
s3_LLx=-0.08658008
s3_LLy=-0.0009469702
s3_LRx=-0.05772006
s3_LRy=-0.0009469697
s3_Mx=0
s3_My=-0.01231061
s3_Sx=0.01443001
s3_Sy=-4.656613E-10
s3_Bx=0.001893939
s3_By=-1.862645E-09
s4_ULx=-0.2453102
s4_ULy=-0.01893939
s4_URx=0.08658008
s4_URy=-0.01893939
s4_LLx=-0.08658008
s4_LLy=-0.0009469702
s4_LRx=-0.05772006
s4_LRy=-0.0009469697
s4_Mx=0
s4_My=-0.01325758
s4_Sx=0.01443001
s4_Sy=-4.656613E-10
s4_Bx=0.001893939
s4_By=-1.862645E-09
s5_ULx=-0.2453102
s5_ULy=-0.01893939
s5_URx=0.08658008
s5_URy=-0.01893939
s5_LLx=-0.08658008
s5_LLy=-0.0009469702
s5_LRx=-0.05772006
s5_LRy=-0.0009469697
s5_Mx=0
s5_My=-0.01325758
s5_Sx=0.01443001
s5_Sy=-4.656613E-10
s5_Bx=0.001893939
s5_By=-1.862645E-09
s6_ULx=-0.2453102
s6_ULy=-0.01893939
s6_URx=0.08658008
s6_URy=-0.01893939
s6_LLx=-0.08658008
s6_LLy=-0.0009469702
s6_LRx=-0.05772006
s6_LRy=-0.0009469697
s6_Mx=0
s6_My=-0.01420455
s6_Sx=0.01443001
s6_Sy=-4.656613E-10
s6_Bx=0.001893939
s6_By=-1.862645E-09
s7_ULx=-0.2453102
s7_ULy=-0.01988636
s7_URx=0.08658008
s7_URy=-0.01893939
s7_LLx=-0.08658008
s7_LLy=-0.0009469702
s7_LRx=-0.05772006
s7_LRy=-0.0009469697
s7_Mx=0
s7_My=-0.01420455
s7_Sx=0.01443001
s7_Sy=-0.0009469702
s7_Bx=0.002840909
s7_By=-1.862645E-09
s8_ULx=-0.2453102
s8_ULy=-0.02083333
s8_URx=0.08658008
s8_URy=-0.01893939
s8_LLx=-0.08658008
s8_LLy=-0.0009469702
s8_LRx=-0.05772006
s8_LRy=-0.0009469697
s8_Mx=0
s8_My=-0.01420455
s8_Sx=0.01443001
s8_Sy=-4.656613E-10
s8_Bx=-0.00094697
s8_By=0.01443001
s9_ULx=-0.2453102
s9_ULy=-0.01799242
s9_URx=0.08658008
s9_URy=-0.01893939
s9_LLx=-0.08658008
s9_LLy=-0.0009469702
s9_LRx=-0.05772006
s9_LRy=-0.0009469697
s9_Mx=0
s9_My=-0.01420455
s9_Sx=0.01443001
s9_Sy=-4.656613E-10
s9_Bx=0.001893939
s9_By=-1.862645E-09

